

#################################################################################################################
                                     Instance Name           Movement (microns)        Orig Loc        New Loc
#################################################################################################################
                                 u_11_crossbar/U59                 6.4       (42.2, 37)       (37.6, 38.8)
                                        clk__L2_I7                 6.4       (42.8, 37)       (38.2, 38.8)
                                 u_02_crossbar/U58                 5.8       (38.8, 37)       (34.8, 38.8)
                                 u_00_crossbar/U72                   5       (33, 37)       (29.8, 38.8)
                                 u_01_crossbar/U72                 4.6       (30.4, 37)       (27.6, 38.8)
                                 u_00_crossbar/U74                 4.4       (34.6, 37)       (32, 38.8)
                                 u_10_crossbar/U59                 4.4       (46.8, 37)       (49.4, 38.8)
                                 u_11_crossbar/U13                 4.4       (40.4, 38.8)       (36, 38.8)
                                 u_31_crossbar/U24                 4.4       (61.8, 58.6)       (64.4, 60.4)
                                 u_02_crossbar/U13                 4.2       (37.4, 38.8)       (33.2, 38.8)
                                 u_02_crossbar/U59                   4       (36.6, 38.8)       (32.6, 38.8)
                                 u_10_crossbar/U13                   4       (43.2, 37)       (41, 35.2)
                                        clk__L2_I5                   4       (42.8, 37)       (38.8, 37)
                                 u_12_crossbar/U72                   4       (30, 38.8)       (26, 38.8)
                                 u_03_crossbar/U59                 3.8       (40.2, 35.2)       (38.2, 37)
                                 u_03_crossbar/U57                 3.6       (39.4, 37)       (37.6, 35.2)
                                        clk__L2_I2                 3.6       (58.6, 58.6)       (58.6, 55)
                                 u_11_crossbar/U58                 3.6       (39, 38.8)       (35.4, 38.8)
                                 u_23_crossbar/U73                 3.4       (28.8, 38.8)       (25.4, 38.8)
                                 u_20_crossbar/U26                 3.4       (63.4, 58.6)       (66.8, 58.6)
                                 u_01_crossbar/U13                 3.4       (48.4, 37)       (50, 38.8)
                                 u_01_crossbar/U59                 3.4       (50, 37)       (51.6, 38.8)
                                 u_10_crossbar/U57                 3.2       (45, 37)       (43.6, 35.2)
                                 u_21_crossbar/U59                 3.2       (44, 38.8)       (42.6, 40.6)
                                 u_31_crossbar/U26                 3.2       (64.2, 58.6)       (67.4, 58.6)
                                 u_43_crossbar/U25                 3.2       (59, 58.6)       (57.6, 60.4)
                                 u_11_crossbar/U57                 3.2       (42.4, 38.8)       (41, 40.6)
                                  u_20_crossbar/U2                 3.2       (62.2, 60.4)       (63.6, 62.2)
                                 u_12_crossbar/U74                   3       (32.2, 38.8)       (29.2, 38.8)
                                 u_12_crossbar/U59                   3       (48.8, 38.8)       (50, 37)
                                 u_10_crossbar/U63                   3       (56.6, 15.4)       (55.4, 17.2)
                                 u_21_crossbar/U24                   3       (65, 58.6)       (68, 58.6)
                                        clk__L2_I1                   3       (58.6, 58.6)       (55.6, 58.6)
                                        clk__L2_I6                 2.8       (42.8, 37)       (43.8, 38.8)
                                 u_10_crossbar/U15                 2.8       (58.2, 15.4)       (59.2, 17.2)
                                 u_03_crossbar/U63                 2.8       (49.6, 15.4)       (48.6, 17.2)
                                 u_22_crossbar/U18                 2.8       (26.6, 38.8)       (23.8, 38.8)
                                 u_21_crossbar/U64                 2.8       (56.4, 17.2)       (55.4, 19)
                                 u_43_crossbar/U24                 2.8       (56.8, 58.6)       (54, 58.6)
                                 u_12_crossbar/U58                 2.8       (47.8, 38.8)       (48.8, 40.6)
