

#################################################################################################################
                                     Instance Name           Movement (microns)        Orig Loc        New Loc
#################################################################################################################
                                              U757                 6.2       (15.4, 35.4)       (18, 39)
                                              U768                 4.2       (10, 35.4)       (9.4, 31.8)
                                              U591                   4       (70, 60.6)       (70.4, 57)
                                              U635                 3.6       (67.4, 37.2)       (67.4, 33.6)
                                              U724                 3.6       (12, 35.4)       (12, 31.8)
                                              U723                 3.4       (13.2, 35.4)       (14.8, 33.6)
                                              U754                   3       (18.6, 8.4)       (15.6, 8.4)
                                              U734                 2.8       (10.6, 31.8)       (9.6, 30)
                                              U606                 2.4       (75.8, 57)       (76.4, 58.8)
