

#################################################################################################################
                                     Instance Name           Movement (microns)        Orig Loc        New Loc
#################################################################################################################
                                        clk__L2_I4                17.8       (64.8, 48)       (77.2, 53.4)
                                        clk__L2_I7                17.6       (30.6, 46.2)       (39.2, 37.2)
                                        clk__L2_I0                16.8       (64.8, 48)       (81.6, 48)
                                        clk__L2_I5                12.2       (64.8, 48)       (71.6, 53.4)
                                       clk__L2_I10                  12       (30.6, 46.2)       (33.6, 37.2)
                                        clk__L2_I1                11.2       (64.8, 48)       (76, 48)
                                             U2361                10.4       (72, 48)       (78.8, 44.4)
                                       clk__L2_I11                 8.8       (30.6, 46.2)       (27.2, 40.8)
                                             U2360                 8.2       (76, 48)       (82.4, 46.2)
                                             U2431                 7.4       (25.8, 46.2)       (22, 42.6)
                                             U2206                 7.2       (38, 48)       (43.4, 49.8)
                                             U2207                 6.8       (44.8, 48)       (51.6, 48)
                                        clk__L2_I9                 6.6       (30.6, 46.2)       (29.4, 51.6)
                                             U2434                 6.4       (32, 46.2)       (25.6, 46.2)
                                             U2362                 5.6       (80.2, 48)       (84, 46.2)
                                        clk__L2_I2                 5.6       (64.8, 48)       (70.4, 48)
                                             U2299                   5       (76.6, 53.4)       (73.4, 51.6)
                                             U2357                 4.6       (84.4, 48)       (87.2, 46.2)
                                             U2300                 4.6       (71.6, 53.4)       (68.8, 55.2)
                                             U2196                 4.6       (30.2, 40.8)       (25.6, 40.8)
                                             U2197                 4.4       (27.6, 40.8)       (26.8, 37.2)
                                             U2164                 4.2       (5.8, 42.6)       (6.4, 46.2)
                                             U2302                 4.2       (84, 53.4)       (86.4, 55.2)
                                             U2358                 4.2       (88.4, 48)       (89, 44.4)
                                             U2435                 4.2       (35.6, 46.2)       (38, 48)
                                             U2201                 3.4       (35.8, 37.2)       (37.4, 35.4)
                                        clk__L2_I8                 3.4       (30.6, 46.2)       (27.2, 46.2)
                                             U2171                 2.8       (51.6, 48)       (52.6, 49.8)
                                             U2429                 2.8       (29.4, 51.6)       (28.4, 53.4)
                                             U2205                 2.6       (44, 49.8)       (44.8, 48)
