

#################################################################################################################
                                     Instance Name           Movement (microns)        Orig Loc        New Loc
#################################################################################################################
                                        clk__L2_I5                11.8       (113.8, 83)       (105.6, 86.6)
                                        clk__L2_I9                11.6       (113.8, 83)       (102.2, 83)
                                       clk__L2_I16                10.6       (57.8, 84.8)       (50.8, 88.4)
                                       clk__L2_I19                  10       (57.8, 84.8)       (56.8, 93.8)
                                        clk__L2_I6                  10       (113.8, 83)       (114.8, 92)
                                        clk__L2_I4                  10       (113.8, 83)       (109.2, 77.6)
                                        clk__L2_I1                  10       (113.8, 83)       (122, 84.8)
                                       clk__L2_I21                 9.8       (57.8, 84.8)       (60.4, 77.6)
                                       clk__L2_I13                 9.2       (57.8, 84.8)       (61.6, 90.2)
                                        clk__L2_I3                   9       (113.8, 83)       (106.6, 81.2)
                                       clk__L2_I17                 8.6       (57.8, 84.8)       (62.8, 81.2)
                                              U675                 8.6       (60.4, 88.4)       (67.2, 90.2)
                         u2_allocation_buffer/U345                 7.8       (61.6, 90.2)       (67.6, 88.4)
                         u1_allocation_buffer/U331                 7.8       (119.4, 83)       (123.6, 86.6)
                                       clk__L2_I20                 7.8       (57.8, 84.8)       (57.2, 92)
                                       clk__L2_I14                 7.8       (57.8, 84.8)       (62, 88.4)
                         u1_allocation_buffer/U333                 6.8       (121.8, 83)       (125, 86.6)
                         u1_allocation_buffer/U337                 6.4       (115, 83)       (110.4, 84.8)
                                        clk__L2_I2                 6.2       (113.8, 83)       (111.2, 86.6)
                                        clk__L2_I8                   6       (113.8, 83)       (107.8, 83)
                         u1_allocation_buffer/U343                   6       (110.4, 81.2)       (108, 77.6)
                         u5_allocation_buffer/U273                 5.8       (94.4, 34.4)       (96.6, 38)
                         u1_allocation_buffer/U345                 5.6       (113.6, 83)       (109.8, 84.8)
                                              U698                 5.2       (109.6, 86.6)       (106.2, 88.4)
                                        clk__L2_I0                 5.2       (113.8, 83)       (119, 83)
                                       clk__L2_I15                   5       (57.8, 84.8)       (56.4, 88.4)
                         u2_allocation_buffer/U306                   5       (55.2, 84.8)       (52, 86.6)
                         u2_allocation_buffer/U325                 4.6       (50.8, 86.6)       (48, 88.4)
                                              U699                 4.6       (113.8, 88.4)       (112.8, 92)
                                              U677                 4.4       (62.6, 84.8)       (67, 84.8)
                                              U676                 4.4       (61.8, 84.8)       (66.2, 84.8)
                                              U674                 4.4       (58.6, 84.8)       (61.2, 86.6)
                                       clk__L2_I10                 4.4       (113.8, 83)       (116.4, 84.8)
                                       clk__L2_I18                 4.2       (57.8, 84.8)       (57.2, 81.2)
                         u1_allocation_buffer/U254                 4.2       (102.4, 83)       (101.8, 86.6)
                                              U539                 4.2       (106.8, 84.8)       (104.4, 86.6)
                                              U723                 4.2       (104.4, 83)       (103.8, 86.6)
                         u2_allocation_buffer/U330                 4.2       (56, 90.2)       (55.4, 93.8)
                         u1_allocation_buffer/U330                 4.2       (116.2, 83)       (116.8, 86.6)
                         u1_allocation_buffer/U327                 4.2       (109.2, 81.2)       (106.8, 79.4)
