

#################################################################################################################
                                     Instance Name           Movement (microns)        Orig Loc        New Loc
#################################################################################################################
                                             U9704                   6       (60.6, 10.2)       (56.4, 12)
                                       clk__L2_I14                 5.8       (60.6, 10.2)       (58.4, 13.8)
                                             U9630                 5.4       (64.4, 10.2)       (68, 12)
                                             U9751                 5.4       (61.2, 12)       (57.6, 13.8)
                                       clk__L2_I15                 5.2       (60.6, 10.2)       (57.2, 12)
                                             U9683                 4.8       (62, 12)       (60.8, 15.6)
                                             U9705                 4.8       (57.2, 10.2)       (54.2, 12)
                                             U9695                 4.8       (58, 10.2)       (55, 12)
                                            U10191                 4.4       (64.4, 55.2)       (68.8, 55.2)
                                             U9647                   4       (60, 13.8)       (57.8, 15.6)
                                             U9684                 3.8       (64.8, 15.6)       (65, 19.2)
                                             U9687                 3.6       (56, 12)       (54.2, 13.8)
                                            U10243                 3.6       (66.4, 55.2)       (70, 55.2)
                                             U9652                 3.6       (64.6, 22.8)       (66.4, 24.6)
                                             U9608                 3.6       (58.8, 12)       (57, 13.8)
                                             U9606                 3.4       (57.4, 13.8)       (55.8, 15.6)
                                             U9615                 3.4       (69.8, 8.4)       (71.4, 6.6)
                                        clk__L2_I4                 3.2       (60.4, 93)       (61.8, 94.8)
                                            U10750                 3.2       (59.8, 100.2)       (58.4, 98.4)
